T0 (J1=0, J2=0):

  N: 01 02 03 04 05 06 07 08 09 10 11 12 13 14 15 16
     -----------------------------------------------
  R: 02 02 02 02 02 02 02 02 02 02 02 02 02 02 02 02
  B: 02 02 02 02 02 02 02 02 02 02 02 02 02 02 02 02
     -----------------------------------------------
  T: 04 04 04 04 04 04 04 04 04 04 04 04 04 04 04 04

J1 (hum): R1

T1 (J1=0, J2=0):

  N: 01 02 03 04 05 06 07 08 09 10 11 12 13 14 15 16
     -----------------------------------------------
  R: 00 03 02 03 02 02 02 02 02 02 02 02 02 02 02 02
  B: 02 02 02 02 02 02 02 02 02 02 02 02 02 02 02 02
     -----------------------------------------------
  T: 02 05 04 05 04 04 04 04 04 04 04 04 04 04 04 04

J2 (minim[2.00s, 50 depth]): R14

T2 (J1=0, J2=3):

  N: 01 02 03 04 05 06 07 08 09 10 11 12 13 14 15 16
     -----------------------------------------------
  R: 00 03 02 03 02 02 02 02 02 02 02 02 02 00 03 02
  B: 00 02 02 02 02 02 02 02 02 02 02 02 02 02 02 02
     -----------------------------------------------
  T: 00 05 04 05 04 04 04 04 04 04 04 04 04 02 05 04

J1 (minim[2.00s, 50 depth]): ...

...

ENDGAME

WINNER: J1 (hum)

SCORE: 
  J1 (hum): 34
  J2 (minim): 16

... (or)

ENDGAME

WINNER: TIE

SCORE: 
  J1 (hum): 32
  J2 (minim): 32
